img1.bmp;127.18165948312077;53.860923032407406;0.8271268671422068;0.5396189847804101;23.066016956081125;0.3554324409586069;24.194952557942393;7.3390001384662344
img2.bmp;126.16075988900205;68.13397882374989;0.935659792172617;0.7559918522576184;25.044022902438236;0.5459710539793993;31.718227990248455;8.254330913147951
img3.bmp;inf;0.0;1.0;1.0;inf;0.9999999999840835;inf;0.0
img4.bmp;119.95060972993846;284.6942967798357;0.7568106109402565;0.45445117816956115;18.833872743374645;0.2664344908509909;18.95552757006006;16.87288643889467
img5.bmp;inf;0.0;1.0;1.0;inf;0.9999999999836289;inf;0.0
img6.bmp;inf;0.0;1.0;1.0;inf;0.9999999999836496;inf;0.0
img7.bmp;inf;0.0;1.0;1.0;inf;0.9999999999896094;inf;0.0
img8.bmp;131.18121987662622;21.444590250651043;0.9402072934593294;0.7916088935758653;27.700539468307646;0.5748882522986933;29.55995739894579;4.630830406163785
img9.bmp;123.76000476407822;118.42387390136719;0.8094401327812712;0.6489283331642114;19.75535355679303;0.3345898232467203;26.150693867884613;10.882273379279129
img10.bmp;inf;0.0;1.0;1.0;inf;0.9999999999867679;inf;0.0
img11.bmp;125.19152812518597;85.17005497685186;0.8254587001503007;0.5324451703954062;19.90577546729451;0.33541353147231384;23.316375073788148;9.228762375142827
img12.bmp;inf;0.0;1.0;1.0;inf;0.9999999999741825;inf;0.0
img13.bmp;139.10990960957352;3.455005787037037;0.985558369141834;0.9222764088978658;33.82415695168206;0.8380737069678916;37.7767584558082;1.8587645862338342
img14.bmp;137.4974088236832;5.0083982800322495;0.9913945304463769;0.8853867761245507;38.402091897719586;0.829565015256956;39.73734369996137;2.237945102104216
img15.bmp;126.42514200268673;64.10996500651042;0.8744165816743954;0.6354695105272704;22.06453958757063;0.4262296612293087;27.42555973919661;8.006869863218112
img16.bmp;120.0723683814752;276.82346598307294;0.7688022042181779;0.6781008356889945;17.13937702345883;0.2991028154579137;25.71784455255598;16.638012681299198
img17.bmp;140.37126776374004;2.5841217041015625;0.9883535605807344;0.6268101422901884;41.68905457275727;0.8209012070764062;37.89189217681156;1.607520358845126
img18.bmp;125.8701193659104;72.84970601399739;0.8994035893445339;0.5104627716851001;22.463759331017314;0.41343499275431594;23.56851410982032;8.535203923398514
img19.bmp;inf;0.0;1.0;1.0;inf;0.9999999999808242;inf;0.0
img20.bmp;inf;0.0;1.0;1.0;inf;0.9999999999867327;inf;0.0
img21.bmp;123.99727911489416;112.12741980822688;0.8976978378848895;0.6641296982772238;22.880542128330337;0.45176705367842124;27.94016247571719;10.589023553105681
img22.bmp;inf;0.0;1.0;1.0;inf;0.9999999999866612;inf;0.0
img23.bmp;121.12926974666618;217.02649943033853;0.7435891843306992;0.5006789086163004;18.291510575197467;0.24809349136824893;22.794842003896537;14.731819284471912
img24.bmp;134.4788500557883;10.035863240559896;0.9637310170030814;0.7299809097538454;30.72490198639138;0.6589450336325112;32.491839351889446;3.167943061445375
img25.bmp;129.0470167457285;35.054039001464844;0.928174109549714;0.4046454186846365;30.36480355474577;0.4637400437733842;31.461649268231003;5.920645150780854
img26.bmp;inf;0.0;1.0;1.0;inf;0.9999999999820538;inf;0.0
img27.bmp;121.65039962296336;192.486279296875;0.9151460896679282;0.7671066074756189;21.445772736390683;0.4532769343309187;30.58524773514959;13.873942456882075
img28.bmp;inf;0.0;1.0;1.0;inf;0.9999999999809657;inf;0.0
img29.bmp;119.0367293946965;351.37171681722003;0.7107381757868246;0.5451770877530858;14.136477036816457;0.22510924370128946;19.09077385299675;18.744911758053703
img30.bmp;141.3149338829771;2.0794397989908853;0.9901637265659492;0.9327039439924293;37.834253474658524;0.8688443721000969;33.87744578614553;1.4420262823509442
img31.bmp;inf;0.0;1.0;1.0;inf;0.999999999987583;inf;0.0
img32.bmp;131.12415018641215;21.728248596191406;0.9209642199651419;0.5594935912292179;28.102673480887145;0.4866014968787794;28.998901845515725;4.661356947948891
img33.bmp;124.86461599622888;91.82863748325482;0.8959205486944832;0.7547948559952153;24.598864344940097;0.4645027828234451;32.024601464567496;9.58272599437419
img34.bmp;inf;0.0;1.0;1.0;inf;0.9999999999905539;inf;0.0
img35.bmp;122.02740888554841;176.48136393229166;0.7249477696910417;0.5166681455478298;18.022757678263226;0.24192624416451125;21.812034968335965;13.284628859410851
img36.bmp;117.05087618832216;555.0755798339844;0.7336212957460896;0.6319908247024084;14.025333795095126;0.2367219784915036;21.065882405854186;23.560042016812798
img37.bmp;123.88608231671842;115.035400390625;0.7783687771602411;0.45924090991728067;19.52547990160233;0.2844869479468512;21.459954650888914;10.725455719484604
img38.bmp;132.79868195990716;14.776498842592593;0.94973444111967;0.7267905087190889;30.39706167738421;0.6240585161813209;30.873886096794333;3.8440211813402634
img39.bmp;121.27092119561763;210.06206019560355;0.8711520590092714;0.6921344844836441;20.838403569139818;0.40723813670506115;28.24585755423569;14.493517868192095
img40.bmp;133.51030682511714;12.543220520019531;0.9663949429542614;0.5064537674774126;34.82809363413437;0.6316103946295215;35.50865280647821;3.5416409360661523
img41.bmp;119.62369768985471;306.95164919951134;0.8114995110806711;0.605491618132869;19.19118006337691;0.3235653444950661;24.12434558074571;17.520035650634714
img42.bmp;inf;0.0;1.0;1.0;inf;0.9999999999896058;inf;0.0
img43.bmp;121.3158460476862;207.90030924479166;0.8599282862331189;0.7151856032580008;19.59169156385724;0.3920224261347381;28.590442408119326;14.4187485325458
img44.bmp;125.44412822717496;80.3575925925926;0.8436796969331966;0.5933762881369693;22.844547168105485;0.373257469603989;26.207239716445287;8.96423965501774
img45.bmp;122.204768071976;169.41931946359193;0.8902124461599658;0.8351350430127269;21.40638476165275;0.42469313254175445;28.604723647749523;13.016117680153016
img46.bmp;119.61198732765338;307.7804337323883;0.6920364264583262;0.49281501835420927;17.536741024374805;0.23349172640789254;17.966646811087386;17.5436721849329
img47.bmp;125.3282455577024;82.53063456217448;0.838741159797339;0.5674920845786732;20.967643142586304;0.3662822350449883;25.123637512052657;9.084637282917491
img48.bmp;inf;0.0;1.0;1.0;inf;0.9999999999814213;inf;0.0
img49.bmp;125.0398772981674;88.1966339111328;0.8842889548856945;0.7598508144638922;22.144115716013747;0.44320674173745034;30.836395590845044;9.391306294181486
img50.bmp;124.61626592137414;97.23287963867188;0.7701442887792439;0.4740608570953533;21.654243808238512;0.26388589226592213;20.98246023473942;9.860673386674558
img51.bmp;127.56817935229377;49.274452209472656;0.8790909029666345;0.6718071065452665;24.60615723915813;0.4327716547002726;27.269889740677304;7.0195763554129575
img52.bmp;inf;0.0;1.0;1.0;inf;0.9999999999771868;inf;0.0
img53.bmp;128.7460757086705;37.56921920040105;0.9734716228029541;0.9555966901355909;27.947692398347233;0.6653461427502925;38.07879681855886;6.1293734753562745
img54.bmp;inf;0.0;1.0;1.0;inf;0.9999999999835208;inf;0.0
img55.bmp;124.76992415876384;93.85281952523708;0.9000986439138279;0.8174326457823687;22.69467785548528;0.48552987032541806;29.065856137930876;9.687766487959806
img56.bmp;124.51189745397673;99.59785715738933;0.8827777017303929;0.71890380972278;21.67413828250803;0.43316929159810025;29.74091939689606;9.979872602262482
img57.bmp;136.9350448176409;5.700792824074074;0.979581403617519;0.9188715082061797;34.33546375857142;0.7862634339536303;36.233179352658;2.3876333102204104
img58.bmp;134.35830430044018;10.318327546296297;0.9746619317643197;0.9237017394741338;28.04155594921773;0.743840939674896;38.12420139187574;3.212215364245725
img59.bmp;122.57164411794263;155.69523749843339;0.8991113508499756;0.8477151614269801;21.77326080761935;0.4415645715524841;29.27925982190183;12.477789768161403
img60.bmp;119.19232902986488;339.0055725097656;0.8374292781424515;0.7664154732788993;16.166786636637834;0.34114297204059935;26.878630719335067;18.41210396749284
img61.bmp;132.70580173742587;15.095919329604149;0.985859407182153;0.9179889660425653;32.27328411094807;0.766200865346286;40.175467805339906;3.88534674509292
img62.bmp;117.05087618832216;555.0755798339844;0.7336212957460896;0.6319908247024084;14.025333795095126;0.2367219784915036;21.065882405854186;23.560042016812798
img63.bmp;130.36818128300405;25.859588623046875;0.9160714852105021;0.5426221625515517;26.61423321360711;0.4755002317055184;28.27799760466131;5.085232406001409
img64.bmp;135.26102428987042;8.381800333658854;0.9732763691993368;0.7968477938587463;32.55378025601429;0.7253695782368736;32.755708765584075;2.895133905997934
img65.bmp;122.28540251852283;166.30277199074075;0.779615954824757;0.5718717257217449;15.968654167300391;0.2843003952382902;23.263008853274826;12.895843205883853
img66.bmp;inf;0.0;1.0;1.0;inf;0.9999999999899677;inf;0.0
img67.bmp;130.8189757439834;23.309994212962962;0.9322102113656484;0.5322647211610706;29.05078242629422;0.5218803543941608;29.53452530254698;4.828042482514312
img68.bmp;inf;0.0;1.0;1.0;inf;0.9999999999893763;inf;0.0
img69.bmp;124.60692400031778;97.44225819905598;0.8734922857479263;0.4725849154281235;21.899679966461658;0.35016234988760514;24.59003362866134;9.871284526294234
img70.bmp;137.30521853857564;5.235014467592593;0.98104117937456;0.9050846511084131;32.01946588068421;0.7964232473576521;37.55620289716968;2.288015399334671
img71.bmp;127.51213922936329;49.91439565022787;0.9182466986014685;0.7390643971327433;26.333102363720343;0.5086475969596593;31.731802246815377;7.065012077146639
img72.bmp;136.67641065158188;6.0506032307942705;0.9693116413117854;0.7562641552041818;33.65493394605685;0.7002272919231914;35.731719735013975;2.4597973962898387
img73.bmp;123.87663565466607;115.28589477539063;0.850021479925265;0.7007930833418092;20.980874072512435;0.3844098520007609;28.19842493966826;10.737126933001706
img74.bmp;131.8355257301268;18.445361328125;0.9887548396288158;0.9423097548405596;31.63089884355411;0.7523123396653184;38.68962042363453;4.294806320211076
img75.bmp;125.18782212783668;85.24276479085286;0.7964213874434661;0.5195325270066956;22.225800014701058;0.2969706890742212;22.568936138664547;9.232700839453907
img76.bmp;inf;0.0;1.0;1.0;inf;0.9999999999698808;inf;0.0
img77.bmp;120.65494782768533;242.0722223917643;0.7955049995560112;0.6586058013687047;15.754695469805302;0.30146058633521294;23.102535966252113;15.558670328526288
img78.bmp;119.61198732765338;307.7804337323883;0.6920364264583262;0.49281501835420927;17.536741024374805;0.23349172640789254;17.966646811087386;17.5436721849329
img79.bmp;115.65591517646774;765.3290924072265;0.6542408032216941;0.41468471329752593;15.451288289895047;0.16607728505605038;16.038276324542146;27.664581912749494
img80.bmp;122.47099711953192;159.34558250470303;0.8287840462278874;0.4556462786816043;23.37568019356828;0.3267800347465569;22.388074856558603;12.62321601275614
img81.bmp;122.00356990779581;177.452756245931;0.8504699819744891;0.7439857898016274;17.10331754991578;0.3713309096462162;26.566459480808483;13.321139449984411
img82.bmp;inf;0.0;1.0;1.0;inf;0.9999999999892528;inf;0.0
img83.bmp;130.26541881209621;26.478773148148147;0.9250837256518384;0.6470151883585048;27.863798529573266;0.5295223524486232;29.349045435763912;5.145752923348356
img84.bmp;121.3158460476862;207.90030924479166;0.8599282862331189;0.7151856032580008;19.59169156385724;0.3920224261347381;28.590442408119326;14.4187485325458
img85.bmp;119.00784193932616;353.71668497721356;0.7011597910810824;0.5866012495350917;16.074850581309793;0.23638778286949602;22.760975034005412;18.80735720342477
img86.bmp;124.99064672128269;89.20209780092593;0.827916847728611;0.5636823552455529;22.391065662213222;0.34944922883456636;25.28408099415277;9.444686220353004
img87.bmp;inf;0.0;1.0;1.0;inf;0.9999999999836721;inf;0.0
img88.bmp;inf;0.0;1.0;1.0;inf;0.9999999999842397;inf;0.0
img89.bmp;128.7089536866224;37.891724537037035;0.8741264652724198;0.6394745233553629;24.59331115958274;0.44170422263082426;27.642211039030776;6.155625438331757
img90.bmp;121.3158460476862;207.90030924479166;0.8599282862331189;0.7151856032580008;19.59169156385724;0.3920224261347381;28.590442408119326;14.4187485325458
img91.bmp;121.12926974666618;217.02649943033853;0.7435891843306992;0.5006789086163004;18.291510575197467;0.24809349136824893;22.794842003896537;14.731819284471912
img92.bmp;123.24241751754569;133.41295031905852;0.8478201530124176;0.6675790650292731;22.976665866256898;0.3864281375213862;28.676418216874172;11.550452385905
img93.bmp;122.01127257107737;177.13830430837044;0.7972122442145185;0.5866765076410567;21.7455209197886;0.3253400436100746;25.67064402554727;13.309331474885221
img94.bmp;131.79852434737;18.603185017903645;0.9676522090706006;0.7062064766286817;28.392164312476915;0.6600995117458248;32.90888118379065;4.313140968934779
img95.bmp;inf;0.0;1.0;1.0;inf;0.9999999999811175;inf;0.0
img96.bmp;140.35770175110298;2.5922063191731772;0.9868201547332495;0.8719514308255928;36.951341716209896;0.8580274473974097;36.84716256504921;1.6100330180381945
img97.bmp;137.0035439270251;5.611582438151042;0.9777552301242833;0.8277506417692542;34.296299893168985;0.7710899873744779;32.94619694632545;2.3688778858672817
img98.bmp;130.77303082078757;23.557904561360676;0.9348756264984989;0.7783337129351159;27.292350412469;0.5584674810809732;28.996781658203084;4.853648582392495
img99.bmp;127.42722624349481;50.899921875;0.8810414080532374;0.4100429733805914;25.65903292580563;0.37599707898323614;24.539997725264953;7.134418117478117
img100.bmp;117.76555703042956;470.8515853881836;0.6029057039648923;0.46117099388014365;14.832565672413198;0.16890304695022093;18.703392355653776;21.699114852642804
img101.bmp;131.30367626628365;20.848370361328126;0.9695505762837812;0.9252913102137871;28.407914684130013;0.691693758725827;40.79704723711614;4.5660015726375
img102.bmp;127.5688043167851;49.26736195882162;0.9192294371463855;0.7414520401508922;26.389767451142156;0.5109638093253012;31.83145640238748;7.01907130315839
img103.bmp;130.76648337440272;23.59344736735026;0.9147047473954092;0.5399198345952962;27.7450066688777;0.466583753940237;28.854818058588325;4.857308654733633
img104.bmp;122.47099711953192;159.34558250470303;0.8287840462278874;0.4556462786816043;23.37568019356828;0.3267800347465569;22.388074856558603;12.62321601275614
img105.bmp;130.6454485350528;24.260228474934895;0.9207931958583436;0.5594153920857721;26.891500465655863;0.4887284688191908;28.821939872663364;4.925467335688553
img106.bmp;138.53296188426756;3.9458770751953125;0.9882231652097985;0.8955936654941853;37.35392501862461;0.8343300605310868;36.340533092307595;1.9864231863314807
img107.bmp;129.9080092947246;28.750063657407406;0.9025451398826642;0.7081032963642676;25.792366767684957;0.5080403594889461;29.631198069650473;5.361908583462367
img108.bmp;126.94917766267524;56.82271412037037;0.8635437753219668;0.5058718509554534;24.5475573801523;0.3746680975607746;23.905014433520314;7.538084247364869
img109.bmp;inf;0.0;1.0;1.0;inf;0.9999999999743171;inf;0.0
img110.bmp;126.8376841565397;58.30037180582682;0.9036830493049104;0.810000258992643;22.833032949254516;0.49613776030595824;32.390278929202466;7.635468014851926
img111.bmp;128.8062307202979;37.05242766203704;0.9062138624089918;0.4591035685066198;27.038037402608715;0.4360870516670652;26.964954432311224;6.087070532040601
img112.bmp;inf;0.0;1.0;1.0;inf;0.9999999999884087;inf;0.0
img113.bmp;inf;0.0;1.0;1.0;inf;0.9999999999911581;inf;0.0
img114.bmp;inf;0.0;1.0;1.0;inf;0.9999999999882033;inf;0.0
img115.bmp;inf;0.0;1.0;1.0;inf;0.9999999999887207;inf;0.0
img116.bmp;136.13565022881028;6.852905092592593;0.9809169471886693;0.9405003118110917;29.818901877587823;0.7888307665196226;38.64113774634645;2.6178053962417818
img117.bmp;128.53336503922154;39.45510796984918;0.9533648331210567;0.9092749139464796;26.458118735942975;0.6289833681312174;34.21708151484617;6.2813301115169216
img118.bmp;inf;0.0;1.0;1.0;inf;0.9999999999866612;inf;0.0
img119.bmp;125.57938838244333;77.89344320852712;0.9484250217952931;0.8286121665637735;25.14687075596552;0.5829448651230984;34.7409320970132;8.825726214228895
img120.bmp;132.09027962707745;17.394493103027344;0.9515668778927256;0.836664122933573;29.12825751394182;0.6343651703558113;32.89968846868004;4.1706705819361165
img121.bmp;124.96467962083975;89.73704783121745;0.8600552006767547;0.6260446541249705;23.785642755196807;0.38403319349803255;28.618595254433647;9.47296404676052
img122.bmp;inf;0.0;1.0;1.0;inf;0.9999999999842397;inf;0.0
img123.bmp;inf;0.0;1.0;1.0;inf;0.9999999999892528;inf;0.0
img124.bmp;120.71265652187044;238.87686342592593;0.6806139518439732;0.1519160463030914;18.94446320418126;0.12510914078047722;12.149105044473679;15.455641799224189
img125.bmp;inf;0.0;1.0;1.0;inf;0.9999999999887207;inf;0.0
img126.bmp;122.17926844238045;170.4169921875;0.6966749011903888;0.1205468736504066;18.4253203729835;0.11438832034255736;13.465053379598075;13.054385936822152
img127.bmp;115.91388450332538;721.1926463215942;0.5491550334894889;0.40203226051188423;15.115501193002117;0.1319073733675512;14.720406904659871;26.855030186570154
img128.bmp;122.42972576685794;160.8670743248162;0.8324182965349042;0.7027888520134026;20.354479463579374;0.36965741037291566;24.761086824881;12.68333845345208
img129.bmp;120.78456303105645;234.9543212890625;0.7133900757821477;0.49733014517200863;17.888801448902804;0.23471846267749052;21.099046979228895;15.328219769075028
img130.bmp;132.48535592845374;15.881961805555555;0.9605101567138036;0.8346858155835536;27.19960327056228;0.6696629576978662;35.594276887970615;3.985217911928475
img131.bmp;119.6884181340335;302.41123842592594;0.6071930421792089;0.2180312298263995;17.088837074964033;0.12519796451986576;13.1459163437702;17.38997522786982
img132.bmp;131.37208406664035;20.52255052003623;0.9756626775144609;0.8722644514320964;30.25534708007655;0.7086939111486958;36.879772013984095;4.5301821729414185
img133.bmp;inf;0.0;1.0;1.0;inf;0.9999999999811175;inf;0.0
img134.bmp;118.23527358871807;422.583349609375;0.8066438124646036;0.593213566511108;18.030646702145383;0.2843575046364012;22.9912303355969;20.55683218809199
img135.bmp;132.15849664524563;17.123402906817624;0.9771781826949103;0.9249286281169472;31.89274499395686;0.7246792171919181;41.419020321118715;4.138043366957096
img136.bmp;inf;0.0;1.0;1.0;inf;0.9999999999741825;inf;0.0
img137.bmp;125.05631291396986;87.86348978678386;0.9207648204810933;0.8841073793746829;22.123321555953503;0.527110479907247;34.48409982758741;9.373552676908785
img138.bmp;121.18166020899707;214.42416087962962;0.5765948018960435;0.16180123208488123;17.066017681957423;0.10360341790972195;11.40400203553908;14.643229182104255
img139.bmp;inf;0.0;1.0;1.0;inf;0.999999999987583;inf;0.0
img140.bmp;inf;0.0;1.0;1.0;inf;0.9999999999835208;inf;0.0
img141.bmp;130.63501198772082;24.31859842936198;0.9536735051480788;0.6747522642025342;27.927767953864688;0.594568942811772;31.289970028743635;4.931389097339814
img142.bmp;inf;0.0;1.0;1.0;inf;0.9999999999743171;inf;0.0
img143.bmp;134.24179473000595;10.598887125651041;0.9669018390782554;0.8578226335494512;30.761114321687366;0.6831898733711179;32.09738430768113;3.255593206414315
img144.bmp;135.96551530658073;7.126695601851852;0.9638608583815098;0.7198629996867815;34.197321988891524;0.6963730350129014;32.60444276831806;2.669587159440922
img145.bmp;120.56738635371373;247.0023611111111;0.6146172037724109;0.16422283323334402;18.16576607119078;0.10711962736081829;11.38566420229975;15.716308762273382
img146.bmp;129.74883329348071;29.823348999023438;0.947110934535881;0.8914328808893773;25.744182086195533;0.6161237728290078;36.50555542074942;5.461075809675547
img147.bmp;120.37395116082246;258.25255330403644;0.5316235729360679;0.14591183705051836;17.411929047686836;0.0788096369509066;11.260222912036435;16.070238122194596
img148.bmp;118.50728702308837;396.92736196937614;0.5970218170135203;0.32405013619102996;18.241535371799593;0.18073338675174883;18.602413987205978;19.923035962658304
img149.bmp;127.28044079081045;52.649670918782554;0.8356946870624716;0.35021895943159725;24.258964085285424;0.29918486847498293;22.638553158493764;7.256009297043558
img150.bmp;127.42865445706349;50.88318576388889;0.9220628818207314;0.8063382114061503;21.111906105841047;0.5367227502759885;33.31355239924398;7.133245107515155
img151.bmp;134.07192335503228;11.02167002360026;0.9660669419767051;0.876981182324636;31.109901241896637;0.6986115361160775;33.6150891895347;3.3198900619749834
img152.bmp;122.74569225877825;149.57896169026694;0.8247425795386331;0.6179629191118033;19.907933087309534;0.3373725051289872;26.765912669289524;12.230247818023432
img153.bmp;inf;0.0;1.0;1.0;inf;0.9999999999836289;inf;0.0
img154.bmp;121.4747575341476;200.43058159722221;0.5931967404453331;0.18227554351997843;17.359115007107956;0.118031151056432;11.536625379183931;14.157350797279207
img155.bmp;inf;0.0;1.0;1.0;inf;0.9999999999893763;inf;0.0
img156.bmp;125.91543732488908;72.0934829711914;0.805790563862104;0.4894746500032074;22.434756916570517;0.29503392296848474;21.80304767260392;8.490788124266876
img157.bmp;128.3508703557564;41.14837646484375;0.9614124179433889;0.8984609153044519;26.62671587192744;0.6463905429038204;37.76938860139761;6.414700029217559
img158.bmp;inf;0.0;1.0;1.0;inf;0.9999999999905539;inf;0.0
img159.bmp;122.17926844238045;170.4169921875;0.6966749011903888;0.1205468736504066;18.4253203729835;0.11438832034255736;13.465053379598075;13.054385936822152
img160.bmp;120.37395116082246;258.25255330403644;0.5316235729360679;0.14591183705051836;17.411929047686836;0.0788096369509066;11.260222912036435;16.070238122194596
img161.bmp;120.00498438594876;281.1520804398148;0.616961656663174;0.2301091161029165;17.405403326879306;0.13604591789846512;13.319088968335489;16.767590179862307
img162.bmp;117.01768104334256;559.3345362345377;0.6799875194692344;0.48051155555852504;15.293526559513603;0.20518690182946148;17.566263937363622;23.650254464477495
img163.bmp;124.60421678419087;97.50301869710286;0.9253201497380391;0.8267854441911706;22.880062300361903;0.5260147783244479;34.06746444908301;9.87436168555228
img164.bmp;120.80275625848303;233.9721221923828;0.5385454889044538;0.11567703768913463;17.322075850164456;0.07326796686023654;9.650968337005265;15.29614729898947
img165.bmp;126.71104542718767;60.02541859944662;0.8859677162990488;0.3254464009635223;28.028832236204913;0.34729588389956983;28.210326308821784;7.7476072822160145
img166.bmp;119.38896829750331;323.99843343098956;0.5422396587268371;0.17161242022178336;15.028365882387195;0.10115492918315751;11.590976680156732;17.999956484141553
img167.bmp;120.21939299167312;267.6088310185185;0.6468846867182152;0.3885051818136585;13.902644640450674;0.16846784746607854;17.206680452374652;16.358753956781626
img168.bmp;134.2794955029521;10.507277199074075;0.9581086397444784;0.8612571673764451;30.16385297591245;0.6871552581170164;34.46938774175868;3.241493050906337
img169.bmp;inf;0.0;1.0;1.0;inf;0.9999999999809657;inf;0.0
img170.bmp;119.85657534650952;290.92577870686847;0.7415436675464869;0.2733957692844549;16.45021531161641;0.180625330616107;12.974892043978342;17.056546505868898
img171.bmp;126.01262015726923;70.49815063476562;0.9627418422662133;0.9410002870151232;22.98707776404218;0.6098964857621859;38.479062700015064;8.39631768305402
img172.bmp;inf;0.0;1.0;1.0;inf;0.9999999999867327;inf;0.0
img173.bmp;inf;0.0;1.0;1.0;inf;0.9999999999836496;inf;0.0
img174.bmp;128.15497886096222;43.046897281880646;0.9488703992322505;0.8607845953737705;27.889227209673443;0.6010434427303379;37.09135417416152;6.561013434057322
img175.bmp;121.81561208254016;185.30132802327475;0.7203947844612989;0.40594738467863245;20.636575216897217;0.216931418667218;21.762925009948063;13.612543040272627
img176.bmp;118.7613364468897;374.37435837140555;0.6863235539514179;0.2763975782189035;19.666019520926056;0.18146394980070601;15.499917710201146;19.348755990280242
img177.bmp;121.04057879756718;221.50414641203704;0.6993463549421969;0.17650133623132455;19.272385479877986;0.14524519167039898;12.39097481455713;14.883015366922022
img178.bmp;130.20168576540664;26.870216369628906;0.9578377359971685;0.6654585236081932;26.79532573051354;0.6034690880044433;30.563708591682772;5.183648943517386
img179.bmp;inf;0.0;1.0;1.0;inf;0.9999999999896058;inf;0.0
img180.bmp;115.91388450332538;721.1926463215942;0.5491550334894889;0.40203226051188423;15.115501193002117;0.1319073733675512;14.720406904659871;26.855030186570154
img181.bmp;121.24708427591486;211.2181879679362;0.7668232181654956;0.30653350025847215;18.539840242058737;0.1941676532574552;16.42906509362185;14.533347445373217
img182.bmp;inf;0.0;1.0;1.0;inf;0.9999999999884087;inf;0.0
img183.bmp;116.8854954016888;576.6206614176432;0.5604366217158473;0.36235760195881156;11.985243043808778;0.13430007996226778;14.605083199555063;24.01292696481716
img184.bmp;118.3885861863103;407.9257507324219;0.5689713171424522;0.32975273941879335;15.492824604156672;0.14093424313055977;16.44148563423287;20.197171849851202
img185.bmp;122.21940543275397;168.84927368164062;0.8594443422221737;0.8007535284093814;19.28641407473762;0.4134263569669434;30.352162729852452;12.99420154075042
img186.bmp;116.47491306917209;633.7944519456768;0.6368097670070056;0.4001749665370813;16.04239544269429;0.18470406878450546;16.372520136171758;25.175274615099568
img187.bmp;116.47491306917209;633.7944519456768;0.6368097670070056;0.4001749665370813;16.04239544269429;0.18470406878450546;16.372520136171758;25.175274615099568
img188.bmp;117.35905539601663;517.0519739786783;0.6013907731090699;0.41006084431499046;12.458803038136605;0.15551862099468505;15.034998613490277;22.738776879565847
img189.bmp;inf;0.0;1.0;1.0;inf;0.9999999999867679;inf;0.0
img190.bmp;inf;0.0;1.0;1.0;inf;0.9999999999820538;inf;0.0
img191.bmp;inf;0.0;1.0;1.0;inf;0.9999999999698808;inf;0.0
img192.bmp;115.10538527249388;868.76279296875;0.5865116816992322;0.4582693357470521;12.079842879266838;0.14982294737000698;16.075197603320806;29.47478232266949
img193.bmp;inf;0.0;1.0;1.0;inf;0.9999999999882033;inf;0.0
img194.bmp;128.1038462802073;43.556714375813804;0.8829460103261887;0.6518327450007885;24.623165871888734;0.42510521527958317;26.57208387872143;6.599751084382941
img195.bmp;117.70739410274038;477.1998844363932;0.6667917551870438;0.32859428952960956;16.590657116176555;0.18031180007027667;14.692418504505603;21.84490522836831
img196.bmp;122.20577546883737;169.3800252278646;0.7078593366047761;0.14763490122289055;19.184298763312345;0.12663008497202477;14.378248672460703;13.01460814730373
img197.bmp;119.38896829750331;323.99843343098956;0.5422396587268371;0.17161242022178336;15.028365882387195;0.10115492918315751;11.590976680156732;17.999956484141553
img198.bmp;126.07338509996731;69.51863403320313;0.9672664026462041;0.888034885136126;25.868758213394628;0.6120110101908733;35.51177614440136;8.337783520408953
img199.bmp;118.74403809584723;375.8684997558594;0.5136725544111196;0.25652617907014874;14.73938688856206;0.10634720464310243;14.17712187856402;19.387328329500672
img200.bmp;119.23182900731919;335.9362263441534;0.7822892349714026;0.6867322014054434;18.43344569699594;0.2794213331674796;22.23848897296517;18.32856312819293
img201.bmp;121.66044497982685;192.04156748453775;0.7439258313976249;0.13256431073254063;22.978231788844102;0.13846104093343736;18.467534302145726;13.857906316775914
img202.bmp;inf;0.0;1.0;1.0;inf;0.9999999999840835;inf;0.0
img203.bmp;125.11361540410057;86.71179962158203;0.927463383502073;0.8693441795677316;20.21336304622055;0.5192617404256649;32.495927388959615;9.311917075531872
img204.bmp;116.5461590192248;623.4818827311198;0.6520262276020933;0.44758965736990725;14.822004535395832;0.18548465661639651;17.123877743729217;24.96961919475585
img205.bmp;115.56451952303203;781.605825805664;0.6298636245120333;0.5092988680164249;12.538977129804987;0.17113947144417876;16.71899156027435;27.95721419965988
img206.bmp;137.01084118751066;5.602161458333334;0.9730964459844268;0.8390592692108745;34.60922090498774;0.7547909602656488;33.20212864717905;2.366888560607223
img207.bmp;125.73657357441823;75.12463633219402;0.7911759784953549;0.27119234775362794;21.982625505021286;0.24190995079839955;19.027407260353712;8.667446932759036
img208.bmp;inf;0.0;1.0;1.0;inf;0.9999999999836721;inf;0.0
img209.bmp;119.85657534650952;290.92577870686847;0.7415436675464869;0.2733957692844549;16.45021531161641;0.180625330616107;12.974892043978342;17.056546505868898
img210.bmp;118.86449499841866;365.5865758260091;0.5339144841870564;0.18062293062283152;17.685458132775715;0.09454642550892937;14.715365006792718;19.12031840284071
img211.bmp;inf;0.0;1.0;1.0;inf;0.9999999999814213;inf;0.0
img212.bmp;inf;0.0;1.0;1.0;inf;0.9999999999896094;inf;0.0
img213.bmp;117.5523481572978;494.5439853878378;0.5593436096088064;0.3313447658836819;15.477101854019226;0.1501521419920103;13.554677400172544;22.238344933646427
img214.bmp;131.05023558588752;22.101216634114582;0.9497185446110015;0.7903498886409456;26.689633170771422;0.618822295277029;32.44468026911199;4.7011931075116005
img215.bmp;118.243153930226;421.8172607421875;0.5444464814044742;0.2440700607850138;15.405394758757275;0.11026415320500932;15.908451229660399;20.538190298616563
img216.bmp;129.11343747928444;34.522003493684494;0.9612479102918152;0.7337164300049287;30.0181205533208;0.6177662678951358;32.143145811484274;5.875542825448939
img217.bmp;116.15138697669974;682.8118387858073;0.4445285644236289;0.28055175263884796;13.218395618683363;0.09399434027411188;14.152485639180687;26.13066854838979
img218.bmp;120.01494330696859;280.50810185185185;0.5353858163819408;0.22334698360734798;14.729190649077143;0.1282785226642067;12.472385842654619;16.748376095963806
img219.bmp;inf;0.0;1.0;1.0;inf;0.9999999999771868;inf;0.0
img220.bmp;118.33996884725732;412.5179542824074;0.4853402457325694;0.19610098411290636;12.023220496034872;0.08197529330071236;12.252299876347738;20.31053801065859
img221.bmp;120.01494330696859;280.50810185185185;0.5353858163819408;0.22334698360734798;14.729190649077143;0.1282785226642067;12.472385842654619;16.748376095963806
img222.bmp;inf;0.0;1.0;1.0;inf;0.9999999999808242;inf;0.0
img223.bmp;120.56738635371373;247.0023611111111;0.6146172037724109;0.16422283323334402;18.16576607119078;0.10711962736081829;11.38566420229975;15.716308762273382
img224.bmp;inf;0.0;1.0;1.0;inf;0.9999999999911581;inf;0.0
img225.bmp;121.84909586992858;183.87816162109374;0.9107441056260377;0.86713695962792;18.823553476701523;0.4643839874430888;32.79980460091406;13.560168200324572
img226.bmp;127.50614202111207;49.98337046305338;0.9563258286384365;0.9173225535838654;22.60588966323205;0.608469891258459;36.081284249714585;7.069891828242734
img227.bmp;inf;0.0;1.0;1.0;inf;0.9999999999899677;inf;0.0
img228.bmp;129.70099031464667;30.153706868489582;0.956882085035354;0.8623513107150423;26.86323114317798;0.6312742649794147;33.72292556830956;5.4912391013768085
img229.bmp;118.64379595618882;384.6450469970703;0.8234606338532588;0.61494861121311;18.439169069616128;0.3035474297896573;23.935263945760738;19.612369744553316
img230.bmp;118.3885861863103;407.9257507324219;0.5689713171424522;0.32975273941879335;15.492824604156672;0.14093424313055977;16.44148563423287;20.197171849851202
img231.bmp;131.33770789054037;20.685639467592594;0.947684650457042;0.837888769018707;28.738126831470897;0.6304944080852216;34.09531707549049;4.548146816846681
img232.bmp;119.14902269433155;342.4029286702474;0.6727868785441574;0.19978494831578894;16.441778660475432;0.11732613383930288;12.634945122055532;18.504132745693525
img1.bmp;127.18165948312077;53.860923032407406;0.8271268671422068;0.5396189847804101;23.066016956081125;0.3554324409586069;24.194952557942393;7.3390001384662344
img2.bmp;126.16075988900205;68.13397882374989;0.935659792172617;0.7559918522576184;25.044022902438236;0.5459710539793993;31.718227990248455;8.254330913147951
